20220317/163718.810-0400

              1              2              3              4              5              6
        gravity     total_mass   total_radius      core_mass    core_radius      core_temp
   2.103954E+14       1.406531      10.657103       1.400000      10.000000   9.350000E+07


              1              2              3              4              5              6              7
          model           time        lg_Mdot        lg_Teff       lg_Lsurf         lg_Lnu        lg_Lnuc
              1  -4.383000E+03      17.000000       5.986237      32.853047      30.216145      35.531966
              2  -4.383000E+03      17.000000       5.986237      32.853047      30.216145      35.531966
              3  -4.383000E+03      17.000000       5.986237      32.853047      30.216145      35.531966
              4  -4.383000E+03      17.000000       5.986237      32.853047      30.216145      35.531966
              5  -4.383000E+03      17.000000       5.986237      32.853047      30.216145      35.531966
              6  -4.383000E+03      17.000000       5.986237      32.853047      30.216145      35.531966
              7  -4.383000E+03      17.000000       5.986237      32.853047      30.216145      35.531966
              8  -4.383000E+03      17.000000       5.986237      32.853047      30.216145      35.531966
              9  -4.383000E+03      17.000000       5.986237      32.853047      30.216145      35.531966
             10  -4.383000E+03      17.000000       5.986237      32.853047      30.216145      35.531966
             11  -4.383000E+03      17.000000       5.986237      32.853047      30.216145      35.531966
             12  -4.383000E+03      17.000000       5.986237      32.853047      30.216145      35.531966
             13  -4.383000E+03      17.000000       5.986237      32.853047      30.216145      35.531966
             14  -4.383000E+03      17.000000       5.986237      32.853047      30.216145      35.531966
             15  -4.383000E+03      17.000000       5.986237      32.853047      30.216145      35.531966
             16  -4.383000E+03      17.000000       5.986237      32.853048      30.216145      35.531966
             17  -4.383000E+03      17.000000       5.986238      32.853050      30.216145      35.531966
             18  -4.382999E+03      17.000000       5.986239      32.853056      30.216146      35.531966
             19  -4.382998E+03      17.000000       5.986245      32.853081      30.216146      35.531966
             20  -4.382993E+03      17.000000       5.986270      32.853180      30.216148      35.531966
             21  -4.382980E+03      17.000000       5.986369      32.853576      30.216153      35.531966
             22  -4.382939E+03      17.000000       5.986720      32.854979      30.216168      35.531966
             23  -4.382818E+03      17.000000       5.987873      32.859591      30.216213      35.531966
             24  -4.382455E+03      17.000000       5.991512      32.874150      30.216357      35.531966
             25  -4.381366E+03      17.000000       6.002541      32.918265      30.216837      35.531966
             26  -4.378097E+03      17.000000       6.032533      33.038231      30.218603      35.531966
             27  -4.368290E+03      17.000000       6.087713      33.258953      30.225820      35.531966
             28  -4.346547E+03      17.000000       6.139414      33.465756      30.243972      35.531966
             29  -4.307523E+03      17.000000       6.176909      33.615736      30.272824      35.531966
             30  -4.232065E+03      17.000000       6.207442      33.737869      30.321755      35.531966
             31  -4.086434E+03      17.000000       6.232695      33.838881      30.409055      35.531966
             32  -3.798446E+03      17.000000       6.253986      33.924043      30.549397      35.531966
             33  -3.249415E+03      17.000000       6.270016      33.988164      30.708082      35.531966
             34  -2.219763E+03      17.000000       6.279800      34.027299      30.826701      35.531966
             35  -3.520163E+02      17.000000       6.283483      34.042031      30.875178      35.531966
             36   0.000000E+00      17.000000       6.283670      34.042781      30.877683      35.531966
             37   0.000000E+00       0.000000       6.283670      34.042781      30.877683       0.000000
             38   5.597199E+01       0.000000       6.215268      33.769173      30.724241       0.000000
             39   6.510000E+01       0.000000       6.209383      33.745631      30.713470       0.000000
             40   6.510000E+01       0.000000       6.209383      33.745631      30.713470       0.000000
             41   7.422801E+01       0.000000       6.204032      33.724228      30.703599       0.000000
             42   1.016121E+02       0.000000       6.190993      33.672071      30.677733       0.000000
             43   1.837642E+02       0.000000       6.164603      33.566514      30.618172       0.000000
             44   2.357000E+02       0.000000       6.152597      33.518488      30.587769       0.000000
             45   2.357000E+02       0.000000       6.152597      33.518488      30.587769       0.000000
             46   2.876358E+02       0.000000       6.142487      33.478048      30.560599       0.000000
             47   4.434433E+02       0.000000       6.118266      33.381162      30.491267       0.000000
             48   7.516000E+02       0.000000       6.082442      33.237870      30.388621       0.000000
             49   7.516000E+02       0.000000       6.082442      33.237870      30.388621       0.000000
             50   9.295000E+02       0.000000       6.065441      33.169864      30.345732       0.000000
             51   9.295000E+02       0.000000       6.065441      33.169864      30.345732       0.000000
             52   1.107400E+03       0.000000       6.050347      33.109488      30.312627       0.000000
             53   1.500500E+03       0.000000       6.023389      33.001654      30.265320       0.000000
             54   1.500500E+03       0.000000       6.023389      33.001654      30.265320       0.000000
             55   1.582900E+03       0.000000       6.018866      32.983564      30.258694       0.000000
             56   1.582900E+03       0.000000       6.018866      32.983564      30.258694       0.000000
             57   1.665300E+03       0.000000       6.014724      32.966997      30.252928       0.000000
             58   1.912500E+03       0.000000       6.004461      32.925944      30.239766       0.000000
             59   2.654100E+03       0.000000       5.988392      32.861666      30.221979       0.000000
             60   3.039700E+03       0.000000       5.985144      32.848675      30.218692       0.000000
             61   3.039700E+03       0.000000       5.985144      32.848675      30.218692       0.000000
             62   3.425300E+03       0.000000       5.983466      32.841966      30.217048       0.000000
             63   4.582100E+03       0.000000       5.981982      32.836030      30.215620       0.000000
             64   5.312100E+03       0.000000       5.981820      32.835380      30.215465       0.000000
