20220317/163722.418-0400

              1              2              3              4              5              6
        gravity     total_mass   total_radius      core_mass    core_radius      core_temp
   2.103954E+14       1.406531      10.657103       1.400000      10.000000   9.350000E+07


              1              2              3              4              5              6              7
          model           time        lg_Mdot        lg_Teff       lg_Lsurf         lg_Lnu        lg_Lnuc
              1  -4.383000E+03      17.000000       5.986237      32.853047      30.216145      35.538078
              2  -4.383000E+03      17.000000       5.986237      32.853047      30.216145      35.538078
              3  -4.383000E+03      17.000000       5.986237      32.853047      30.216145      35.538078
              4  -4.383000E+03      17.000000       5.986237      32.853047      30.216145      35.538078
              5  -4.383000E+03      17.000000       5.986237      32.853047      30.216145      35.538078
              6  -4.383000E+03      17.000000       5.986237      32.853047      30.216145      35.538078
              7  -4.383000E+03      17.000000       5.986237      32.853047      30.216145      35.538078
              8  -4.383000E+03      17.000000       5.986237      32.853047      30.216145      35.538078
              9  -4.383000E+03      17.000000       5.986237      32.853047      30.216145      35.538078
             10  -4.383000E+03      17.000000       5.986237      32.853047      30.216145      35.538078
             11  -4.383000E+03      17.000000       5.986237      32.853047      30.216145      35.538078
             12  -4.383000E+03      17.000000       5.986237      32.853047      30.216145      35.538078
             13  -4.383000E+03      17.000000       5.986237      32.853047      30.216145      35.538078
             14  -4.383000E+03      17.000000       5.986237      32.853047      30.216145      35.538078
             15  -4.383000E+03      17.000000       5.986237      32.853047      30.216145      35.538078
             16  -4.383000E+03      17.000000       5.986237      32.853048      30.216145      35.538078
             17  -4.383000E+03      17.000000       5.986238      32.853050      30.216145      35.538078
             18  -4.382999E+03      17.000000       5.986239      32.853057      30.216146      35.538078
             19  -4.382998E+03      17.000000       5.986246      32.853083      30.216146      35.538078
             20  -4.382993E+03      17.000000       5.986272      32.853189      30.216148      35.538078
             21  -4.382980E+03      17.000000       5.986375      32.853601      30.216153      35.538078
             22  -4.382939E+03      17.000000       5.986738      32.855052      30.216168      35.538078
             23  -4.382818E+03      17.000000       5.987928      32.859811      30.216214      35.538078
             24  -4.382455E+03      17.000000       5.991676      32.874806      30.216358      35.538078
             25  -4.381366E+03      17.000000       6.003014      32.920154      30.216840      35.538078
             26  -4.378097E+03      17.000000       6.033747      33.043087      30.218620      35.538078
             27  -4.368290E+03      17.000000       6.090005      33.268121      30.225921      35.538078
             28  -4.346788E+03      17.000000       6.142074      33.476395      30.244243      35.538078
             29  -4.308214E+03      17.000000       6.179883      33.627630      30.273805      35.538078
             30  -4.233768E+03      17.000000       6.210622      33.750590      30.324543      35.538078
             31  -4.090272E+03      17.000000       6.235994      33.852078      30.415435      35.538078
             32  -3.807167E+03      17.000000       6.257334      33.937434      30.561153      35.538078
             33  -3.268694E+03      17.000000       6.273427      34.001809      30.725708      35.538078
             34  -2.256766E+03      17.000000       6.283379      34.041617      30.850075      35.538078
             35  -4.240574E+02      17.000000       6.287215      34.056960      30.902049      35.538078
             36   0.000000E+00      17.000000       6.287452      34.057910      30.905319      35.538078
             37   0.000000E+00       0.000000       6.287452      34.057910      30.905319       0.000000
             38   5.637509E+01       0.000000       6.218223      33.780994      30.738912       0.000000
             39   6.510000E+01       0.000000       6.212557      33.758329      30.728202       0.000000
             40   6.510000E+01       0.000000       6.212557      33.758329      30.728202       0.000000
             41   7.382491E+01       0.000000       6.207362      33.737547      30.718377       0.000000
             42   9.999964E+01       0.000000       6.194629      33.686615      30.692583       0.000000
             43   1.785238E+02       0.000000       6.168619      33.582575      30.633064       0.000000
             44   2.357000E+02       0.000000       6.155106      33.528524      30.598377       0.000000
             45   2.357000E+02       0.000000       6.155106      33.528524      30.598377       0.000000
             46   2.928762E+02       0.000000       6.143930      33.483820      30.567788       0.000000
             47   4.644047E+02       0.000000       6.117572      33.378389      30.490830       0.000000
             48   7.516000E+02       0.000000       6.084277      33.245207      30.393988       0.000000
             49   7.516000E+02       0.000000       6.084277      33.245207      30.393988       0.000000
             50   9.295000E+02       0.000000       6.067120      33.176582      30.349878       0.000000
             51   9.295000E+02       0.000000       6.067120      33.176582      30.349878       0.000000
             52   1.107400E+03       0.000000       6.051860      33.115539      30.315783       0.000000
             53   1.500500E+03       0.000000       6.024489      33.006058      30.266988       0.000000
             54   1.500500E+03       0.000000       6.024489      33.006058      30.266988       0.000000
             55   1.582900E+03       0.000000       6.019878      32.987611      30.260147       0.000000
             56   1.582900E+03       0.000000       6.019878      32.987611      30.260147       0.000000
             57   1.665300E+03       0.000000       6.015649      32.970698      30.254193       0.000000
             58   1.912500E+03       0.000000       6.005144      32.928677      30.240596       0.000000
             59   2.654100E+03       0.000000       5.988614      32.862556      30.222208       0.000000
             60   3.039700E+03       0.000000       5.985260      32.849139      30.218807       0.000000
             61   3.039700E+03       0.000000       5.985260      32.849139      30.218807       0.000000
             62   3.425300E+03       0.000000       5.983526      32.842202      30.217105       0.000000
             63   4.582100E+03       0.000000       5.981990      32.836061      30.215628       0.000000
             64   5.312100E+03       0.000000       5.981822      32.835388      30.215467       0.000000
