20220317/163720.975-0400

              1              2              3              4              5              6
        gravity     total_mass   total_radius      core_mass    core_radius      core_temp
   2.103954E+14       1.406531      10.657103       1.400000      10.000000   9.350000E+07


              1              2              3              4              5              6              7
          model           time        lg_Mdot        lg_Teff       lg_Lsurf         lg_Lnu        lg_Lnuc
              1  -4.383000E+03      17.000000       5.986237      32.853047      30.216145      35.535644
              2  -4.383000E+03      17.000000       5.986237      32.853047      30.216145      35.535644
              3  -4.383000E+03      17.000000       5.986237      32.853047      30.216145      35.535644
              4  -4.383000E+03      17.000000       5.986237      32.853047      30.216145      35.535644
              5  -4.383000E+03      17.000000       5.986237      32.853047      30.216145      35.535644
              6  -4.383000E+03      17.000000       5.986237      32.853047      30.216145      35.535644
              7  -4.383000E+03      17.000000       5.986237      32.853047      30.216145      35.535644
              8  -4.383000E+03      17.000000       5.986237      32.853047      30.216145      35.535644
              9  -4.383000E+03      17.000000       5.986237      32.853047      30.216145      35.535644
             10  -4.383000E+03      17.000000       5.986237      32.853047      30.216145      35.535644
             11  -4.383000E+03      17.000000       5.986237      32.853047      30.216145      35.535644
             12  -4.383000E+03      17.000000       5.986237      32.853047      30.216145      35.535644
             13  -4.383000E+03      17.000000       5.986237      32.853047      30.216145      35.535644
             14  -4.383000E+03      17.000000       5.986237      32.853047      30.216145      35.535644
             15  -4.383000E+03      17.000000       5.986237      32.853047      30.216145      35.535644
             16  -4.383000E+03      17.000000       5.986237      32.853048      30.216145      35.535644
             17  -4.383000E+03      17.000000       5.986238      32.853050      30.216145      35.535644
             18  -4.382999E+03      17.000000       5.986239      32.853057      30.216146      35.535644
             19  -4.382998E+03      17.000000       5.986246      32.853082      30.216146      35.535644
             20  -4.382993E+03      17.000000       5.986271      32.853185      30.216148      35.535644
             21  -4.382980E+03      17.000000       5.986373      32.853591      30.216153      35.535644
             22  -4.382939E+03      17.000000       5.986731      32.855023      30.216168      35.535644
             23  -4.382818E+03      17.000000       5.987906      32.859723      30.216213      35.535644
             24  -4.382455E+03      17.000000       5.991611      32.874543      30.216358      35.535644
             25  -4.381366E+03      17.000000       6.002825      32.919399      30.216839      35.535644
             26  -4.378097E+03      17.000000       6.033262      33.041148      30.218613      35.535644
             27  -4.368290E+03      17.000000       6.089092      33.264467      30.225881      35.535644
             28  -4.346692E+03      17.000000       6.141016      33.472165      30.244133      35.535644
             29  -4.307941E+03      17.000000       6.178701      33.622902      30.273405      35.535644
             30  -4.233095E+03      17.000000       6.209359      33.745535      30.323406      35.535644
             31  -4.088757E+03      17.000000       6.234683      33.846833      30.412829      35.535644
             32  -3.803706E+03      17.000000       6.256004      33.932116      30.556377      35.535644
             33  -3.260991E+03      17.000000       6.272074      33.996395      30.718580      35.535644
             34  -2.242242E+03      17.000000       6.281957      34.035929      30.840625      35.535644
             35  -3.955563E+02      17.000000       6.285733      34.051031      30.891193      35.535644
             36   0.000000E+00      17.000000       6.285950      34.051899      30.894148      35.535644
             37   0.000000E+00       0.000000       6.285950      34.051899      30.894148       0.000000
             38   5.611500E+01       0.000000       6.217107      33.776529      30.733151       0.000000
             39   6.510000E+01       0.000000       6.211285      33.753240      30.722288       0.000000
             40   6.510000E+01       0.000000       6.211285      33.753240      30.722288       0.000000
             41   7.408500E+01       0.000000       6.205975      33.732000      30.712337       0.000000
             42   1.010400E+02       0.000000       6.193008      33.680131      30.686263       0.000000
             43   1.819050E+02       0.000000       6.166675      33.574801      30.626241       0.000000
             44   2.357000E+02       0.000000       6.154106      33.524526      30.594123       0.000000
             45   2.357000E+02       0.000000       6.154106      33.524526      30.594123       0.000000
             46   2.894950E+02       0.000000       6.143590      33.482461      30.565564       0.000000
             47   4.508801E+02       0.000000       6.118544      33.382277      30.493083       0.000000
             48   7.516000E+02       0.000000       6.083546      33.242283      30.391832       0.000000
             49   7.516000E+02       0.000000       6.083546      33.242283      30.391832       0.000000
             50   9.295000E+02       0.000000       6.066450      33.173901      30.348213       0.000000
             51   9.295000E+02       0.000000       6.066450      33.173901      30.348213       0.000000
             52   1.107400E+03       0.000000       6.051255      33.113121      30.314515       0.000000
             53   1.500500E+03       0.000000       6.024049      33.004294      30.266318       0.000000
             54   1.500500E+03       0.000000       6.024049      33.004294      30.266318       0.000000
             55   1.582900E+03       0.000000       6.019472      32.985990      30.259563       0.000000
             56   1.582900E+03       0.000000       6.019472      32.985990      30.259563       0.000000
             57   1.665300E+03       0.000000       6.015279      32.969215      30.253684       0.000000
             58   1.912500E+03       0.000000       6.004870      32.927580      30.240262       0.000000
             59   2.654100E+03       0.000000       5.988525      32.862198      30.222116       0.000000
             60   3.039700E+03       0.000000       5.985213      32.848953      30.218761       0.000000
             61   3.039700E+03       0.000000       5.985213      32.848953      30.218761       0.000000
             62   3.425300E+03       0.000000       5.983502      32.842107      30.217082       0.000000
             63   4.582100E+03       0.000000       5.981987      32.836048      30.215625       0.000000
             64   5.312100E+03       0.000000       5.981821      32.835385      30.215466       0.000000
